0,537
0,472
90,37
90,36
90,35
34,4
34,1
34,3
14,7
0,273
0,270
24,1
24,3
3,2
3,1
3,3
85,4
85,3
10,188
85,2
85,1
85,0
84,3
10,110
10,64
84,2
84,1
84,0
68,4
68,3
10,150
10,92
68,2
68,1
68,0
67,4
67,3
10,202
10,192
67,2
67,1
67,0
66,3
10,102
10,2
10,3
66,2
66,1
66,0
65,3
65,2
65,1
65,0
64,3
11,5
11,26
11,25
11,21
11,6
11,18
11,2
11,3
64,2
64,1
64,0
63,4
63,3
9,7
63,2
63,1
63,0
61,3
9,6
9,4
9,2
9,3
61,2
61,1
61,0
60,6
60,5
60,4
60,3
8,7
8,18
8,12
8,5
8,2
8,3
0,508
60,2
60,1
60,0
56,5
56,4
56,3
56,2
56,1
56,0
54,8
54,7
54,6
54,5
54,4
54,3
54,2
54,1
54,0
52,6
52,5
52,4
52,3
52,1
48,4
48,3
48,1
47,3
47,1
46,3
46,1
45,3
45,1
44,5
44,4
44,3
44,2
44,1
